dim=6
iters=2000
lr=0.00015
alpha=0.0001346690884351217
hl_size=135
hl_depth=3
