dim=6
iters=1697
lr=0.00016510138782425903
alpha=0.0001346690884351217
hl_size=131
hl_depth=2
