dim=4
iters=1108
lr=0.001859449755422156
alpha=2.385115393346798e-05
hl_size=93
hl_depth=9
