dim=6
iters=3684
lr=0.00014794095665996457
alpha=1.197042490409919e-05
hl_size=73
hl_depth=7
