dim=3
iters=3999
lr=0.0006993998987539685
alpha=3.447235528215813e-05
hl_size=79
hl_depth=10
