dim=4
iters=2234
lr=0.0031793045825033363
alpha=2.4862521576193985e-05
hl_size=146
hl_depth=9
